#3.3 3)
#a 라는 벡터에 135, 162, 247를 넣은 다음, 각 원소에 10씩 더해서 b 라는 벡터에 저장하세요. 

a <- c(135, 162, 247)
b <- a + 10

a
b